0 0.2
1 0.2125
2 0.24166666666666667
3 0.30416666666666664
4 0.3458333333333333
5 0.36666666666666664
6 0.4
7 0.4
8 0.42083333333333334
9 0.45416666666666666
10 0.4666666666666667
11 0.4583333333333333
12 0.4875
13 0.5041666666666667
14 0.5166666666666667
15 0.5333333333333333
16 0.5291666666666667
17 0.5625
18 0.575
19 0.575
20 0.6083333333333333
21 0.6125
22 0.6291666666666667
23 0.6458333333333334
24 0.6416666666666667
25 0.6541666666666667
26 0.6583333333333333
27 0.6625
28 0.6708333333333333
29 0.675
30 0.6708333333333333
31 0.6833333333333333
32 0.6833333333333333
33 0.6916666666666667
34 0.7166666666666667
35 0.7166666666666667
36 0.7333333333333333
37 0.7375
38 0.7458333333333333
39 0.7583333333333333
40 0.7583333333333333
41 0.7625
42 0.7625
43 0.7625
44 0.7625
45 0.7625
46 0.7666666666666667
47 0.7666666666666667
48 0.7666666666666667
49 0.7666666666666667
