0 0.9876535073055938
1 0.9857798430463952
2 0.9714685181968906
3 0.9532757287176499
4 0.9478083733358194
5 0.9319373286710457
6 0.9200176503069935
7 0.9071548478462164
8 0.8794905982991117
9 0.8527648195607052
10 0.8354293458524992
11 0.8348025550241274
12 0.8361187114403554
13 0.8347329672393449
14 0.8383993125680359
15 0.8318274702318808
16 0.8277301319405868
17 0.8285662938874788
18 0.830133533045954
19 0.8314044113347117
20 0.8253159752506247
21 0.8228191137470686
22 0.8159036287837071
23 0.8163424389910008
24 0.8096620292227407
25 0.805604967330107
26 0.8027745476496665
27 0.7966240694958269
28 0.7934906996343387
29 0.7886557905327256
30 0.7805653613547077
31 0.7747754338204892
32 0.7704253526032023
33 0.7631645313963858
34 0.7620195841762144
35 0.7539065187764772
36 0.7504197542877742
37 0.7469898241935845
38 0.7422646462559719
39 0.7379817039990436
40 0.742349486650781
41 0.7375825004213088
42 0.7374370309617679
43 0.7364066026806301
44 0.7358266676380678
45 0.734867911182288
46 0.7353947444022366
47 0.7351867097781206
48 0.7343955221304893
49 0.734428026142834
50 0.7346274131846628
51 0.7344715474651788
52 0.7343910075435951
53 0.7343484255253242
54 0.7344125328253512
55 0.7348429912975608
56 0.7364130909033226
57 0.7361086706177755
58 0.7355916980892784
59 0.7349207005041631
60 0.7349955837261527
61 0.7354963337161544
62 0.7358785688086678
63 0.738622280809782
64 0.7373917406036931
65 0.7362453138806394
66 0.7343866839385077
67 0.73215236618783
68 0.7318443592927131
69 0.7298658353196549
70 0.7279193455028795
71 0.730668672325205
72 0.7322275231838654
73 0.7350417587872786
